ResponseID,SBOM Format creators
R_5pAabVXr2cni4gN,1
